0.693359375
4.645931243896484
16.3570556640625
21.85317611694336
8.280502319335938
4.579763412475586
0.6157646775245667
2.8352890014648438
0.4561002552509308
1.5805972814559937
0.5236374139785767
0.9418420195579529
0.7348886728286743
0.20146584510803223
0.3708285689353943
0.6342884302139282
0.17178618907928467
0.3109903037548065
0.3018327057361603
0.1549336016178131
0.46985822916030884
0.19685779511928558
0.11710108816623688
0.22093039751052856
0.24737614393234253
0.1792694479227066
0.2312418818473816
0.28952085971832275
0.28991952538490295
0.04152657464146614
0.13172796368598938
0.0701497420668602
0.020073460415005684
0.0894048660993576
0.05120157450437546
0.05670353025197983
0.07428920269012451
0.04945610463619232
0.012754392810165882
0.005396789405494928
0.00941784679889679
0.003765868954360485
0.009642336517572403
0.02509734220802784
0.001150084426626563
0.026883117854595184
0.003477382007986307
0.005307561252266169
0.046864062547683716
0.002171828644350171
0.001091551617719233
0.000646752305328846
0.001788423047401011
0.006546424236148596
0.033510368317365646
0.013377725146710873
0.0006547735538333654
0.0015535078709945083
0.001105775241740048
0.003081145230680704
0.044163528829813004
0.015958387404680252
0.0026875303592532873
1.338099355052691e-05
0.00031330500496551394
0.0009759364766068757
0.0002966785104945302
0.0004278702544979751
0.0006139292381703854
0.031092578545212746
0.013645093888044357
0.0006081979372538626
0.009924332611262798
0.00010661185660865158
0.0004301852313801646
3.467274291324429e-05
0.000862856162711978
0.00013784339535050094
2.667042826942634e-05
0.0007464618538506329
6.407416549336631e-06
0.0010265277232974768
0.0011477944208309054
0.0008056447841227055
0.011166783049702644
0.0025428161025047302
0.0005708812386728823
0.0004179134266451001
2.2603744582738727e-05
4.9048769142245874e-05
0.00012722983956336975
1.9802915630862117e-05
3.571582419681363e-05
0.0011999646667391062
0.0006406606989912689
0.008098674938082695
0.00010722644219640642
0.00228874571621418
3.710335022333311e-06
3.048445978492964e-05